0.0
0.0000222106
0.0000888522
0.0001999478
0.0003555344
0.0005556628
0.0008003975
0.0010898169
0.0014240137
0.0018030944
0.0022271799
0.0026964055
0.0032109212
0.0037708916
0.0043764962
0.0050279299
0.0057254027
0.0064691405
0.0072593849
0.0080963941
0.0089804423
0.009911821
0.0108908387
0.0119178215
0.0129931134
0.0141170769
0.0152900932
0.0165125628
0.0177849059
0.0191075629
0.0204809949
0.0219056843
0.0233821354
0.0249108746
0.0264924516
0.0281274392
0.0298164348
0.0315600603
0.033358963
0.0352138164
0.0371253204
0.0390942024
0.0411212176
0.0432071498
0.0453528116
0.0475590453
0.0498267235
0.052156749
0.0545500557
0.0570076084
0.0595304035
0.0621194687
0.0647758628
0.0675006759
0.0702950285
0.073160071
0.076096983
0.0791069716
0.0821912704
0.0853511375
0.0885878531
0.0919027177
0.0952970485
0.0987721769
0.1023294443
0.1059701894
0.1096957128
0.1135073784
0.1174065497
0.1213945458
0.1254726803
0.1296422816
0.1339044769
0.1382605827
0.1427118778
0.147259484
0.1519043313
0.1566473384
0.1614896323
0.1664321379
0.171475581
0.1766204168
0.1818669899
0.1872155931
0.1926666028
0.1982199261
0.2038751085
0.2096313765
0.2154879828
0.2214439897
0.2274978175
0.2336475197
0.2398913205
0.246226828
0.2526513625
0.2591620139
0.2657557109
0.2724291677
0.2791788633
0.2860011381
0.2928922303
0.2998483089
0.3068655048
0.3139399396
0.3210677522
0.3282451225
0.3354682933
0.3427335893
0.3500374348
0.3573763682
0.3647470553
0.3721462999
0.3795710536
0.3870184237
0.3944856793
0.401970257
0.4094697648
0.4169819854
0.4245048786
0.4320365828
0.4395754158
0.4471198754
0.4546686389
0.4622205628
0.469774682
0.4773302088
0.4848865321
0.4924432162
0.5
0.5075567838
0.5151134679
0.5226697912
0.530225318
0.5377794372
0.5453313611
0.5528801246
0.5604245842
0.5679634172
0.5754951214
0.5830180146
0.5905302352
0.598029743
0.6055143207
0.6129815763
0.6204289464
0.6278537001
0.6352529447
0.6426236318
0.6499625652
0.6572664107
0.6645317067
0.6717548775
0.6789322478
0.6860600604
0.6931344952
0.7001516911
0.7071077697
0.7139988619
0.7208211367
0.7275708323
0.7342442891
0.740837986
0.7473486375
0.753773172
0.7601086795
0.7663524803
0.7725021825
0.7785560103
0.7845120172
0.7903686235
0.7961248915
0.8017800739
0.8073333972
0.8127844069
0.8181330101
0.8233795832
0.828524419
0.8335678621
0.8385103677
0.8433526616
0.8480956686
0.852740516
0.8572881222
0.8617394173
0.8660955231
0.8703577184
0.8745273197
0.8786054542
0.8825934502
0.8864926216
0.8903042872
0.8940298106
0.8976705557
0.9012278231
0.9047029515
0.9080972823
0.9114121469
0.9146488625
0.9178087295
0.9208930283
0.923903017
0.926839929
0.9297049715
0.9324993241
0.9352241372
0.9378805313
0.9404695965
0.9429923916
0.9454499443
0.947843251
0.9501732765
0.9524409547
0.9546471884
0.9567928502
0.9588787823
0.9609057976
0.9628746796
0.9647861836
0.966641037
0.9684399397
0.9701835652
0.9718725608
0.9735075484
0.9750891253
0.9766178646
0.9780943157
0.9795190051
0.9808924371
0.9822150941
0.9834874372
0.9847099068
0.9858829231
0.9870068866
0.9880821785
0.9891091613
0.990088179
0.9910195577
0.9919036059
0.9927406151
0.9935308595
0.9942745973
0.9949720701
0.9956235038
0.9962291084
0.9967890788
0.9973035945
0.9977728201
0.9981969056
0.9985759863
0.9989101831
0.9991996025
0.9994443372
0.9996444656
0.9998000522
0.9999111478
0.9999777894
1.0