# MIDI note / CC name map
127 6894.586879 (3)
126 6775.714691 (3)
125 6656.842503 (3)
124 6537.970316 (3)
123 6419.098128 (3)
122 6300.225941 (3)
121 6181.353753 (3)
120 6062.481566 (3)
119 5943.609378 (3)
118 5824.737191 (3)
117 5705.865003 (3)
116 5586.992815 (2)
115 5468.120628 (2)
114 5349.248440 (2)
113 5230.376253 (2)
112 5111.504065 (2)
111 4992.631878 (2)
110 4873.759690 (2)
109 4754.887502 (2)
108 4636.015315 (2)
107 4517.143127 (2)
106 4398.270940 (2)
105 4279.398752 (2)
104 4160.526565 (2)
103 4041.654377 (2)
102 3922.782190 (2)
101 3803.910002 (2)
100 3685.037814 (1)
99 3566.165627 (1)
98 3447.293439 (1)
97 3328.421252 (1)
96 3209.549064 (1)
95 3090.676877 (1)
94 2971.804689 (1)
93 2852.932501 (1)
92 2734.060314 (1)
91 2615.188126 (1)
90 2496.315939 (1)
89 2377.443751 (1)
88 2258.571564 (1)
87 2139.699376 (1)
86 2020.827189 (1)
85 1901.955001 (1)
84 1783.082813 (0)
83 1664.210626 (0)
82 1545.338438 (0)
81 1426.466251 (0)
80 1307.594063 (0)
79 1188.721876 (0)
78 1069.849688 (0)
77 950.977500 (0)
76 832.105313 (0)
75 713.233125 (0)
74 594.360938 (0)
73 475.488750 (0)
72 356.616563 (0)
71 237.744375 (0)
70 118.872188 (0)
69 0.000000 (0)
68 -118.872188 (-1)
67 -237.744375 (-1)
66 -356.616563 (-1)
65 -475.488750 (-1)
64 -594.360938 (-1)
63 -713.233125 (-1)
62 -832.105313 (-1)
61 -950.977501 (-1)
60 -1069.849688 (-1)
59 -1188.721876 (-1)
58 -1307.594063 (-1)
57 -1426.466251 (-1)
56 -1545.338438 (-1)
55 -1664.210626 (-1)
54 -1783.082813 (-1)
53 -1901.955001 (-1)
52 -2020.827189 (-2)
51 -2139.699376 (-2)
50 -2258.571564 (-2)
49 -2377.443751 (-2)
48 -2496.315939 (-2)
47 -2615.188126 (-2)
46 -2734.060314 (-2)
45 -2852.932502 (-2)
44 -2971.804689 (-2)
43 -3090.676877 (-2)
42 -3209.549064 (-2)
41 -3328.421252 (-2)
40 -3447.293439 (-2)
39 -3566.165627 (-2)
38 -3685.037814 (-2)
37 -3803.910002 (-2)
36 -3922.782190 (-3)
35 -4041.654377 (-3)
34 -4160.526565 (-3)
33 -4279.398752 (-3)
32 -4398.270940 (-3)
31 -4517.143127 (-3)
30 -4636.015315 (-3)
29 -4754.887503 (-3)
28 -4873.759690 (-3)
27 -4992.631878 (-3)
26 -5111.504065 (-3)
25 -5230.376253 (-3)
24 -5349.248440 (-3)
23 -5468.120628 (-3)
22 -5586.992815 (-3)
21 -5705.865003 (-3)
20 -5824.737190 (-4)
19 -5943.609377 (-4)
18 -6062.481565 (-4)
17 -6181.353752 (-4)
16 -6300.225940 (-4)
15 -6419.098127 (-4)
14 -6537.970315 (-4)
13 -6656.842503 (-4)
12 -6775.714690 (-4)
11 -6894.586878 (-4)
10 -7013.459065 (-4)
9 -7132.331253 (-4)
8 -7251.203440 (-4)
7 -7370.075628 (-4)
6 -7488.947815 (-4)
5 -7607.820003 (-4)
4 -7726.692191 (-5)
3 -7845.564378 (-5)
2 -7964.436566 (-5)
1 -8083.308753 (-5)
0 -8202.180941 (-5)