# Tuning file for Max/MSP coll objects. - Created using Scale Workshop 1.4.2
# 16 equal divisions of 3/1
#
# https://sevish.com/scaleworkshop/?name=16%20equal%20divisions%20of%203%2F1&data=118.87218755408671%0A237.74437510817341%0A356.6165626622601%0A475.48875021634683%0A594.3609377704336%0A713.2331253245202%0A832.1053128786069%0A950.9775004326937%0A1069.8496879867803%0A1188.7218755408671%0A1307.5940630949538%0A1426.4662506490404%0A1545.3384382031272%0A1664.2106257572138%0A1783.0828133113007%0A1901.9550008653873&freq=699.5827808029896&midi=69&vert=5&horiz=1&colors=white%20black%20white%20white%20black%20white%20black%20white%20white%20black%20white%20black&waveform=sine&ampenv=organ
#
0, 6.1270821;
1, 6.5625674;
2, 7.0290051;
3, 7.5285950;
4, 8.0636935;
5, 8.6368245;
6, 9.2506909;
7, 9.9081883;
8, 10.6124175;
9, 11.3667002;
10, 12.1745939;
11, 13.0399091;
12, 13.9667269;
13, 14.9594188;
14, 16.0226667;
15, 17.1614855;
16, 18.3812463;
17, 19.6877023;
18, 21.0870152;
19, 22.5857850;
20, 24.1910806;
21, 25.9104734;
22, 27.7520728;
23, 29.7245648;
24, 31.8372526;
25, 34.1001007;
26, 36.5237818;
27, 39.1197272;
28, 41.9001807;
29, 44.8782563;
30, 48.0680001;
31, 51.4844564;
32, 55.1437390;
33, 59.0631069;
34, 63.2610457;
35, 67.7573551;
36, 72.5732419;
37, 77.7314201;
38, 83.2562183;
39, 89.1736943;
40, 95.5117577;
41, 102.3003020;
42, 109.5713454;
43, 117.3591817;
44, 125.7005422;
45, 134.6347689;
46, 144.2040002;
47, 154.4533692;
48, 165.4312170;
49, 177.1893206;
50, 189.7831372;
51, 203.2720654;
52, 217.7197256;
53, 233.1942603;
54, 249.7686550;
55, 267.5210828;
56, 286.5352730;
57, 306.9009059;
58, 328.7140361;
59, 352.0775450;
60, 377.1016265;
61, 403.9043068;
62, 432.6120005;
63, 463.3601075;
64, 496.2936509;
65, 531.5679619;
66, 569.3494116;
67, 609.8161961;
68, 653.1591768;
69, 699.5827808;
70, 749.3059649;
71, 802.5632483;
72, 859.6058189;
73, 920.7027177;
74, 986.1421082;
75, 1056.2326349;
76, 1131.3048796;
77, 1211.7129205;
78, 1297.8360016;
79, 1390.0803224;
80, 1488.8809528;
81, 1594.7038858;
82, 1708.0482348;
83, 1829.4485882;
84, 1959.4775304;
85, 2098.7483424;
86, 2247.9178947;
87, 2407.6897450;
88, 2578.8174567;
89, 2762.1081532;
90, 2958.4263245;
91, 3168.6979046;
92, 3393.9146389;
93, 3635.1387614;
94, 3893.5080049;
95, 4170.2409671;
96, 4466.6428584;
97, 4784.1116573;
98, 5124.1447044;
99, 5488.3457646;
100, 5878.4325911;
101, 6296.2450272;
102, 6743.7536841;
103, 7223.0692349;
104, 7736.4523700;
105, 8286.3244595;
106, 8875.2789734;
107, 9506.0937138;
108, 10181.7439167;
109, 10905.4162841;
110, 11680.5240146;
111, 12510.7229014;
112, 13399.9285753;
113, 14352.3349719;
114, 15372.4341132;
115, 16465.0372938;
116, 17635.2977733;
117, 18888.7350817;
118, 20231.2610522;
119, 21669.2077047;
120, 23209.3571101;
121, 24858.9733785;
122, 26625.8369201;
123, 28518.2811414;
124, 30545.2317500;
125, 32716.2488522;
126, 35041.5720437;
127, 37532.1687043;
