6.1270821;
6.5625674;
7.0290051;
7.5285950;
8.0636935;
8.6368245;
9.2506909;
9.9081883;
10.6124175;
11.3667002;
12.1745939;
13.0399091;
13.9667269;
14.9594188;
16.0226667;
17.1614855;
18.3812463;
19.6877023;
21.0870152;
22.5857850;
24.1910806;
25.9104734;
27.7520728;
29.7245648;
31.8372526;
34.1001007;
36.5237818;
39.1197272;
41.9001807;
44.8782563;
48.0680001;
51.4844564;
55.1437390;
59.0631069;
63.2610457;
67.7573551;
72.5732419;
77.7314201;
83.2562183;
89.1736943;
95.5117577;
102.3003020;
109.5713454;
117.3591817;
125.7005422;
134.6347689;
144.2040002;
154.4533692;
165.4312170;
177.1893206;
189.7831372;
203.2720654;
217.7197256;
233.1942603;
249.7686550;
267.5210828;
286.5352730;
306.9009059;
328.7140361;
352.0775450;
377.1016265;
403.9043068;
432.6120005;
463.3601075;
496.2936509;
531.5679619;
569.3494116;
609.8161961;
653.1591768;
699.5827808;
749.3059649;
802.5632483;
859.6058189;
920.7027177;
986.1421082;
1056.2326349;
1131.3048796;
1211.7129205;
1297.8360016;
1390.0803224;
1488.8809528;
1594.7038858;
1708.0482348;
1829.4485882;
1959.4775304;
2098.7483424;
2247.9178947;
2407.6897450;
2578.8174567;
2762.1081532;
2958.4263245;
3168.6979046;
3393.9146389;
3635.1387614;
3893.5080049;
4170.2409671;
4466.6428584;
4784.1116573;
5124.1447044;
5488.3457646;
5878.4325911;
6296.2450272;
6743.7536841;
7223.0692349;
7736.4523700;
8286.3244595;
8875.2789734;
9506.0937138;
10181.7439167;
10905.4162841;
11680.5240146;
12510.7229014;
13399.9285753;
14352.3349719;
15372.4341132;
16465.0372938;
17635.2977733;
18888.7350817;
20231.2610522;
21669.2077047;
23209.3571101;
24858.9733785;
26625.8369201;
28518.2811414;
30545.2317500;
32716.2488522;
35041.5720437;
37532.1687043;
