42.2210703;
43.9744479;
45.8006407;
47.7026725;
49.6836929;
51.7469820;
53.8959565;
56.1341746;
58.4653426;
60.8933205;
63.4221286;
66.0559544;
68.7991590;
71.6562847;
74.6320626;
77.7314201;
80.9594892;
84.3216152;
87.8233653;
91.4705378;
95.2691718;
99.2255575;
103.3462458;
107.6380602;
112.1081072;
116.7637886;
121.6128133;
126.6632108;
131.9233438;
137.4019221;
143.1080176;
149.0510787;
155.2409461;
161.6878695;
168.4025239;
175.3960278;
182.6799614;
190.2663859;
198.1678631;
206.3974769;
214.9688541;
223.8961878;
233.1942603;
242.8784677;
252.9648457;
263.4700959;
274.4116133;
285.8075155;
297.6766724;
310.0387375;
322.9141807;
336.3243217;
350.2913657;
364.8384400;
379.9896325;
395.7700313;
412.2057664;
429.3240528;
447.1532360;
465.7228383;
485.0636084;
505.2075716;
526.1880834;
548.0398842;
570.7991576;
594.5035894;
619.1924307;
644.9065624;
671.6885635;
699.5827808;
728.6354031;
758.8945371;
790.4102876;
823.2348398;
857.4225464;
893.0300171;
930.1162126;
968.7425421;
1008.9729650;
1050.8740970;
1094.5153201;
1139.9688976;
1187.3100940;
1236.6172991;
1287.9721584;
1341.4597079;
1397.1685150;
1455.1908252;
1515.6227148;
1578.5642501;
1644.1196527;
1712.3974728;
1783.5107683;
1857.5772920;
1934.7196873;
2015.0656904;
2098.7483424;
2185.9062092;
2276.6836114;
2371.2308627;
2469.7045194;
2572.2676392;
2679.0900513;
2790.3486377;
2906.2276262;
3026.9188950;
3152.6222910;
3283.5459602;
3419.9066928;
3561.9302819;
3709.8518973;
3863.9164753;
4024.3791238;
4191.5055451;
4365.5724757;
4546.8681445;
4735.6927502;
4932.3589582;
5137.1924185;
5350.5323048;
5572.7318761;
5804.1590620;
6045.1970713;
6296.2450272;
6557.7186277;
6830.0508341;
7113.6925881;
7409.1135582;
