0
2.2045972232567159E-19
3.03345501639259E-19
9.76141156233858E-19
2.5026632340925786E-18
2.0898602004767049E-18
1.3337947187311806E-17
4.515046197627169E-18
5.5549768562646055E-17
8.2822113645452483E-17
1.7439049390660111E-16
5.5867561103428839E-16
2.480779234813763E-16
2.7428596195922589E-15
1.8562235296617492E-15
1.0602607590341936E-14
2.0202456960884475E-14
2.9153705231888405E-14
1.2104146209145234E-13
1.1084337612140465E-14
5.5202015116462162E-13
5.6458814245828645E-13
1.96578714513286E-12
5.784491318428582E-12
3.1567867184646355E-11
8.3436578092972051E-11
3.477643340770306E-10
6.374768549977448E-10
1.0762829289418085E-09
1.7127616392280205E-09
2.6064684807803062E-09
3.8294703225865886E-09
5.4656483443506752E-09
7.6162427462820984E-09
1.0396485446740602E-08
1.3942370496949688E-08
1.8408854297291994E-08
2.3972816113898747E-08
3.0837451366686275E-08
3.9228557530456072E-08
4.9405144570446333E-08
6.165246952784385E-08
7.6292041008573822E-08
9.3679952584693675E-08
1.1420810751900928E-07
1.3831350891866466E-07
1.664692048329288E-07
1.9920082646857234E-07
2.3707598626727188E-07
2.8071560299198815E-07
3.3079459405673782E-07
3.8803825455187674E-07
4.53238430206024E-07
5.2723780574490368E-07
6.1095138185419025E-07
7.0535420489703156E-07
8.1149067977167184E-07
9.3048069319561874E-07
1.0635083948185636E-06
1.2118463729359583E-06
1.37683375210471E-06
1.5599002184446574E-06
1.762555501537631E-06
1.9863929869866205E-06
2.23310427076965E-06
2.5044587584967696E-06
2.8023354284396809E-06
3.1286969178459987E-06
3.4856125499534315E-06
3.8752533590500646E-06
4.2998865466456291E-06
4.7619002498688742E-06
5.2637739156562115E-06
5.8081149908180668E-06
6.3976326812576706E-06
7.0351554142872579E-06
7.7236347372755527E-06
8.46612819450157E-06
9.26583397909969E-06
1.0126054076033206E-05
1.1050231419974351E-05
1.2041927850030364E-05
1.3104831669892688E-05
1.4242772559302837E-05
1.5459692677053914E-05
1.6759688498985776E-05
1.8146970958582659E-05
1.9625897970864986E-05
2.1200960896702746E-05
2.2876779491057146E-05
2.4658128099475627E-05
2.6549897324564411E-05
2.8557138436072147E-05
3.0685025976777284E-05
3.2938881033585296E-05
3.5324169131538652E-05
3.7846482084127721E-05
4.0511573722196858E-05
4.3325316174144926E-05
4.6293741952446081E-05
4.9423014022640475E-05
5.27194368988414E-05
5.6189467202650035E-05
5.9839684057470222E-05
6.3676831295321972E-05
6.77077730891587E-05
7.1939529734043554E-05
7.6379258654184315E-05
8.10342522761931E-05
8.5911960845754236E-05
9.1019954279758842E-05
9.6365966916001344E-05
0.00010195785707543014
0.0001078036333601855
0.00011391144840737367
0.00012028958374721283
0.00012694648305911662
0.00013389070887149667
0.00014113098571006262
0.00014867616740742233
0.00015653525156876153
0.000164717386588826
0.0001732318447763222
0.00018208806309660052
0.000191295598470641
0.00020086416543539832
0.00021080361390417844
0.00022112393047600464
0.00023183525775482834
0.00024294785820627181
0.00025447215791002441
0.00026641870471604781
0.00027879819658471316
0.00029162147127612787
0.000304899494499352
0.00031864338882667178
0.00033286439217059915
0.00034757389912775695
0.00036278342634881626
0.00037850462869145441
0.00039474930085761113
0.00041152935441631666
0.00042885685208544563
0.00044674396577862947
0.00046520301081937206
0.00048424642155936611
0.00050388675470672837
0.00052413670100959924
0.00054500905519120507
0.00056651675034319685
0.0005886728206007765
0.000611490425032066
0.00063498283442535485
0.00065916342358238872
0.00068404568948118871
0.0007096432192863066
0.000735969720002128
0.00076303898971494082
0.00079086493029937612
0.00081946154425547235
0.00084884291966500923
0.00087902325070874493
0.00091001680841016112
0.000941837962798687
0.00097450116404477485
0.0010080209455258097
0.0010424119278809115
0.00107768880093616
0.0011138663426457688
0.00115095939569531
0.0011889828813494391
0.0012279517893941843
0.0012678811744765192
0.0013087861636036039
0.0013506819389812661
0.0013935837522821327
0.0014375069085793592
0.0014824667726416765
0.0015284787652106026
0.0015755583562370114
0.0016237210722576776
0.00167298248316097
0.0017233582106567264
0.001774863919219727
0.0018275153172640133
0.0018813281568727008
0.0019363182274835097
0.0019925013609336257
0.0020498934235487262
0.0021085103198540218
0.0021683679887096663
0.0022294824025098888
0.0022918695679157875
0.0023555455221716142
0.0024205263354398869
0.0024868281075900887
0.002554466969336016
0.002623459081149531
0.0026938206328858622
0.0027655678441386618
0.0028387169634964292
0.0029132842691444267
0.002989286068679921
0.0030667386997363052
0.0031456585294044287
0.0032260619550180032
0.0033079654029642917
0.0033913853309862638
0.0034763382286303484
0.003562840618299523
0.0036509090566666188
0.0037405601348352922
0.0038318104806111543
0.0039246767583682746
0.0040191756710796856
0.0041153239611139373
0.0042131384110619761
0.0043126358459106579
0.0044138331328464932
0.0045167471839970656
0.0046213949565312978
0.00472779345450374
0.0048359597304575112
0.0049459108857273018
0.0050576640734431482
0.0051712364981770405
0.0052866454188657489
0.0054039081495552829
0.0055230420607110236
0.00564406458192665
0.005766993201647256
0.0058918454708770229
0.0060186390030895756
0.0061473914768423741
0.0062781206376919668
0.0064108442986885025
0.0065455803442542211
0.0066823467295222721
0.00682116148460689
0.0069620427154769571
0.0071050086040481963
0.0072500774114490039
0.0073972674758160661
0.0075465972174699443
0.007698085137336802
0.0078517498195383451
0.0080076099336344048
0.0081656842323786071
0.0083259915580093762
0.0084885508376484967
0.0086533810887048368
0.00882050141822937
0.0089899310215997286
0.0091616891891747355
0.0093357952986657042
0.0095122688243065821
0.0096911293315218548
0.009872396478674203
0.010056090022135006
0.010242229806911751
0.010430835779495688
0.010621927976682977
0.010815526532638332
0.011011651679954446
0.011210323740913884
0.011411563142850741
0.011615390401196923
0.011821826133391793
0.012030891053873678
0.012242605968658584
0.012456991791272928
0.012674069521371355
0.012893860265642796
0.013116385225747497
0.013341665698183359
0.013569723088821109
0.01380057888896297
0.014034254702214814
0.014270772225495611
0.014510153254871374
0.014752419697563243
0.01499759354672809
0.015245696913128329
0.015496751999982255
0.015750781114328916
0.016007806676616821
0.016267851194488828
0.016530937298610403
0.016797087712531206
0.017066325268319874
0.017338672915144897
0.017614153691474774
0.017892790764969621
0.018174607399055617
0.018459626970677691
0.018747872980514869
0.019039369022275879
0.019334138826685492
0.019632206227238595
0.019933595176744937
0.020238329762784488
0.020546434172423814
0.020857932739695918
0.021172849914120394
0.02149121027139099
0.021813038537962588
0.02213835955026135
0.022467198303275634
0.022799579927104095
0.023135529686314431
0.023475073016403093
0.023818235479653678
0.024165042808890935
0.024515520899270313
0.024869695791301188
0.0252275937186607
0.025589241067494464
0.025954664405424138
0.026323890495769307
0.026696946263055341
0.027073858845671032
0.027454655569920303
0.02783936395367375
0.028228011744495858
0.028620626877359064
0.029017237515583674
0.029417872053579364
0.029822559090642319
0.030231327483136387
0.030644206315795022
0.031061224910137027
0.031482412860973467
0.031907799995860991
0.032337416414444431
0.032771292496334842
0.033209458871395689
0.033651946471665445
0.034098786512522017
0.034550010488439184
0.035005650218333066
0.035465737811540388
0.035930305690032624
0.036399386617322588
0.036873013661789869
0.037351220238369981
0.037834040118440659
0.038321507401593076
0.038813656566117564
0.039310522463117267
0.039812140302870253
0.040318545705211817
0.04082977468388236
0.041345863647783643
0.041866849447129414
0.042392769353387337
0.042923661072754332
0.043459562787344988
0.044000513134769416
0.044546551230153109
0.045097716703631677
0.045654049682279638
0.046215590817091493
0.046782381318923837
0.04735446294448737
0.047931878025141636
0.048514669503500391
0.049102880924699839
0.049696556464278091
0.050295740967266085
0.050900479945979751
0.051510819604649025
0.052126806882128694
0.052748489457768347
0.053375915771122009
0.0540091350684514
0.054648197418330907
0.0552931537264344
0.055944055784594583
0.056600956297046465
0.0572639088938557
0.057932968178758704
0.058608189765951661
0.059289630299387067
0.05997734749364167
0.060671400181205704
0.06137184834320053
0.062078753142386894
0.0627921769779606
0.0635121835282362
0.064238837785179109
0.064972206107235447
0.065712356273607969
0.066459357530209429
0.067213280636026551
0.067974197926127439
0.068742183368668192
0.069517312617890362
0.070299663073744356
0.071089313950778027
0.071886346342757868
0.072690843285501489
0.0735028898279241
0.074322573109014162
0.07514998243301417
0.075985209344408292
0.076828347710157424
0.077679493807348649
0.078538746413863075
0.079406206902492782
0.080281979333871684
0.0811661705589504
0.08205889032328309
0.082960251375549091
0.083870369579155529
0.084789364034452
0.085717357204703692
0.0866544750527791
0.0876008471760285
0.088556606940794091
0.089521891711677765
0.0904968427624517
0.091481605708384234
0.092476330895749
0.093481173083876684
0.094496291902707474
0.095521852055148279
0.096558023521540429
0.097604981814743419
0.0986629082268307
0.099731990099831871
0.10081242111013752
0.10190440157267502
0.10300813876315484
0.10412384726060393
0.10525174931215903
0.10639207521477453
0.10754506371395613
0.10871096243642017
0.10989002834854344
0.11108252824455686
0.11228873926539126
0.11350894945089196
0.11474345832803874
0.11599257753795758
0.1172566315047838
0.11853595814972465
0.11983090965405371
0.12114185327520534
0.12246917222065588
0.12381326658485482
0.12517455435508967
0.12655347249285365
0.12795047809804572
0.12936604966417831
0.13080068843364975
0.13225491986309762
0.13372929520989427
0.13522439325202285
0.13674082215495614
0.13827922150080063
0.13984026449684755
0.1414246603829232
0.14303315705969422
0.14466654396335657
0.14632565521552959
0.14801137307774173
0.14972463175761286
0.15146642161026483
0.15323779378347668
0.15503986536864028
0.15687382511887665
0.1587409398058085
0.16064256135934046
0.16258013486111339
0.16455520750025859
0.16656943864199686
0.1686246113060034
0.17072264512187896
0.1728656109927954
0.17505574801749957
0.1772954826863648
0.17958745102765722
0.18193452420511924
0.18433983803238713
0.18680682752467592
0.1893392671225701
0.19194131809498216
0.19461758460164438
0.19737318023005032
0.20021380788895407
0.20314585612873837
0.20617651634175091
0.20931392669432969
0.212567350610482
0.2159474004565986
0.21946632124937787
0.22313835523848252
0.22698021725091824
0.23101172454375241
0.2352566464576728
0.23974387473241993
0.24450907491360885
0.24959708322273283
0.25506550215275081
0.26099030867123008
0.26747502188477895
0.27466658822377954
0.28278503925563364
0.292184606873663
0.30349859362325932
0.31806504771385025
0.33978296247824691
0.5
0.66021703752175309
0.68193495228614975
0.69650140637674074
0.707815393126337
0.7172149607443663
0.72533341177622046
0.732524978115221
0.73900969132876992
0.74493449784724919
0.75040291677726723
0.75549092508639115
0.76025612526758013
0.76474335354232714
0.76898827545624759
0.77301978274908179
0.77686164476151753
0.78053367875062207
0.78405259954340134
0.78743264938951807
0.79068607330567031
0.79382348365824906
0.79685414387126163
0.799786192111046
0.80262681976994965
0.80538241539835564
0.80805868190501784
0.8106607328774299
0.81319317247532408
0.81566016196761293
0.81806547579488076
0.82041254897234284
0.82270451731363514
0.82494425198250043
0.8271343890072046
0.829277354878121
0.83137538869399663
0.83343056135800309
0.83544479249974146
0.83741986513888667
0.83935743864065948
0.8412590601941915
0.8431261748811234
0.84496013463135977
0.84676220621652332
0.8485335783897352
0.85027536824238714
0.8519886269222583
0.85367434478447035
0.85533345603664346
0.85696684294030578
0.85857533961707677
0.8601597355031525
0.86172077849919937
0.8632591778450438
0.86477560674797715
0.86627070479010571
0.86774508013690244
0.86919931156635022
0.87063395033582169
0.87204952190195428
0.87344652750714635
0.87482544564491027
0.87618673341514519
0.8775308277793441
0.87885814672479468
0.88016909034594626
0.88146404185027538
0.88274336849521617
0.88400742246204245
0.88525654167196122
0.886491050549108
0.88771126073460871
0.88891747175544311
0.89010997165145656
0.8912890375635798
0.89245493628604389
0.89360792478522544
0.894748250687841
0.895876152739396
0.89699186123684516
0.898095598427325
0.89918757888986245
0.90026800990016809
0.90133709177316934
0.90239501818525658
0.90344197647845959
0.90447814794485171
0.90550370809729253
0.90651882691612329
0.907523669104251
0.90851839429161574
0.90950315723754827
0.91047810828832221
0.91144339305920585
0.91239915282397144
0.91334552494722088
0.91428264279529636
0.915210635965548
0.9161296304208445
0.91703974862445092
0.91794110967671694
0.91883382944104963
0.91971802066612829
0.92059379309750722
0.921461253586137
0.92232050619265138
0.92317165228984255
0.92401479065559167
0.92485001756698582
0.92567742689098587
0.92649711017207592
0.92730915671449854
0.92811365365724208
0.928910686049222
0.92970033692625564
0.9304826873821096
0.93125781663133178
0.93202580207387253
0.93278671936397339
0.93354064246979052
0.93428764372639206
0.93502779389276458
0.93576116221482086
0.93648781647176382
0.93720782302203942
0.93792124685761313
0.93862815165679947
0.93932859981879435
0.9400226525063583
0.940710369700613
0.94139181023404839
0.9420670318212413
0.94273609110614431
0.94339904370295358
0.9440559442154054
0.9447068462735656
0.94535180258166907
0.9459908649315486
0.946624084228878
0.94725151054223167
0.94787319311787133
0.948489180395351
0.94909952005402021
0.94970425903273392
0.95030344353572194
0.95089711907530017
0.95148533049649964
0.95206812197485835
0.95264553705551258
0.95321761868107613
0.95378440918290852
0.9543459503177204
0.95490228329636828
0.955453448769847
0.95599948686523062
0.956540437212655
0.95707633892724564
0.95760723064661268
0.95813315055287063
0.9586541363522163
0.95917022531611762
0.95968145429478824
0.96018785969712972
0.96068947753688272
0.96118634343388243
0.96167849259840688
0.96216595988155929
0.96264877976163
0.96312698633821014
0.96360061338267744
0.96406969430996736
0.96453426218845961
0.964994349781667
0.9654499895115608
0.965901213487478
0.96634805352833453
0.9667905411286043
0.96722870750366519
0.96766258358555557
0.968092200004139
0.96851758713902658
0.96893877508986292
0.969355793684205
0.96976867251686361
0.97017744090935765
0.97058212794642063
0.97098276248441628
0.97137937312264089
0.97177198825550415
0.9721606360463263
0.97254534443007967
0.972926141154329
0.9733030537369447
0.97367610950423067
0.97404533559457585
0.97441075893250551
0.97477240628133932
0.97513030420869884
0.97548447910072966
0.975834957191109
0.97618176452034633
0.97652492698359694
0.97686447031368562
0.97720042007289587
0.97753280169672441
0.97786164044973867
0.97818696146203743
0.978508789728609
0.97882715008587962
0.97914206726030406
0.97945356582757614
0.9797616702372155
0.980066404823255
0.9803677937727614
0.98066586117331456
0.98096063097772412
0.98125212701948517
0.98154037302932229
0.98182539260094437
0.98210720923503037
0.98238584630852521
0.9826613270848551
0.98293367473168014
0.98320291228746881
0.98346906270138956
0.98373214880551119
0.98399219332338317
0.98424921888567107
0.98450324800001776
0.98475430308687162
0.98500240645327186
0.98524758030243675
0.98548984674512863
0.98572922777450434
0.98596574529778513
0.986199421111037
0.9864302769111789
0.9866583343018166
0.98688361477425246
0.98710613973435724
0.9873259304786286
0.98754300820872709
0.98775739403134144
0.98796910894612633
0.98817817386660822
0.988384609598803
0.98858843685714926
0.98878967625908609
0.98898834832004556
0.98918447346736171
0.98937807202331707
0.98956916422050434
0.98975777019308819
0.989943909977865
0.99012760352132578
0.99030887066847817
0.99048773117569344
0.99066420470133432
0.9908383108108253
0.99101006897840027
0.99117949858177068
0.99134661891129516
0.99151144916235145
0.99167400844199061
0.99183431576762138
0.99199239006636564
0.99214825018046171
0.99230191486266317
0.99245340278253
0.992602732524184
0.992749922588551
0.99289499139595183
0.993037957284523
0.99317883851539313
0.99331765327047772
0.99345441965574577
0.99358915570131146
0.993721879362308
0.9938526085231576
0.99398136099691048
0.99410815452912293
0.99423300679835269
0.99435593541807332
0.994476957939289
0.99459609185044473
0.9947133545811343
0.99482876350182292
0.9949423359265569
0.99505408911427273
0.99516404026954253
0.99527220654549631
0.99537860504346876
0.99548325281600292
0.99558616686715351
0.99568736415408932
0.995786861588938
0.99588467603888609
0.99598082432892032
0.99607532324163173
0.99616818951938879
0.99625943986516474
0.99634909094333335
0.99643715938170052
0.99652366177136964
0.99660861466901374
0.9966920345970357
0.996773938044982
0.9968543414705956
0.99693326130026372
0.99701071393132012
0.99708671573085561
0.99716128303650353
0.99723443215586138
0.99730617936711419
0.99737654091885042
0.997445533030664
0.99751317189241
0.99757947366456012
0.99764445447782835
0.99770813043208417
0.99777051759749014
0.99783163201129033
0.997891489680146
0.99795010657645122
0.99800749863906635
0.99806368177251648
0.9981186718431273
0.998172484682736
0.99822513608078023
0.99827664178934328
0.998327017516839
0.99837627892774228
0.998424441643763
0.99847152123478944
0.99851753322735837
0.99856249309142064
0.99860641624771784
0.99864931806101875
0.99869121383639636
0.99873211882552348
0.99877204821060583
0.99881101711865061
0.99884904060430468
0.99888613365735424
0.99892231119906383
0.9989575880721191
0.99899197905447423
0.99902549883595526
0.99905816203720132
0.99908998319158981
0.99912097674929123
0.999151157080335
0.9991805384557445
0.99920913506970066
0.999236961010285
0.99926403027999788
0.99929035678071365
0.99931595431051878
0.99934083657641759
0.99936501716557469
0.99938850957496794
0.99941132717939918
0.99943348324965675
0.99945499094480883
0.99947586329899041
0.99949611324529331
0.99951575357844058
0.99953479698918057
0.9995532560342214
0.99957114314791451
0.99958847064558365
0.99960525069914241
0.99962149537130851
0.99963721657365123
0.99965242610087224
0.99966713560782938
0.9996813566111733
0.9996951005055007
0.99970837852872385
0.99972120180341528
0.999733581295284
0.99974552784208992
0.99975705214179378
0.99976816474224517
0.999778876069524
0.99978919638609587
0.99979913583456459
0.99980870440152936
0.99981791193690339
0.99982676815522364
0.99983528261341115
0.99984346474843122
0.99985132383259256
0.99985886901428989
0.99986610929112851
0.99987305351694089
0.99987971041625279
0.99988608855159267
0.99989219636663984
0.99989804214292455
0.999903634033084
0.99990898004572026
0.99991408803915427
0.99991896574772376
0.99992362074134578
0.999928060470266
0.99993229222691082
0.99993632316870473
0.99994016031594257
0.99994381053279735
0.99994728056310112
0.99995057698597734
0.99995370625804758
0.99995667468382587
0.9999594884262778
0.99996215351791584
0.99996467583086845
0.99996706111896638
0.99996931497402319
0.99997144286156392
0.99997345010267547
0.99997534187190051
0.99997712322050891
0.99997879903910325
0.99998037410202911
0.99998185302904141
0.999983240311501
0.999984540307323
0.99998575722744065
0.99998689516833006
0.99998795807215
0.99998894976858
0.999989873945924
0.99999073416602091
0.9999915338718055
0.99999227636526278
0.99999296484458566
0.99999360236731871
0.99999419188500915
0.99999473622608437
0.99999523809975011
0.9999957001134534
0.9999961247466409
0.99999651438745008
0.99999687130308212
0.99999719766457151
0.99999749554124151
0.99999776689572928
0.999998013607013
0.99999823744449845
0.99999844009978156
0.99999862316624788
0.99999878815362708
0.99999893649160521
0.99999906951930684
0.99999918850932024
0.99999929464579507
0.99999938904861818
0.99999947276219425
0.99999954676156977
0.99999961196174547
0.999999669205406
0.999999719284397
0.99999976292401371
0.9999998007991735
0.99999983353079513
0.99999986168649113
0.99999988579189247
0.99999990632004743
0.999999923707959
0.99999993834753043
0.99999995059485547
0.99999996077144249
0.99999996916254863
0.99999997602718393
0.99999998159114567
0.99999998605762952
0.99999998960351455
0.99999999238375725
0.99999999453435162
0.9999999961705297
0.99999999739353151
0.9999999982872384
0.999999998923717
0.99999999936252315
0.99999999965223563
0.99999999991656341
0.99999999996843214
0.99999999999421552
0.99999999999803424
0.99999999999943545
0.999999999999448
0.9999999999999889
0.999999999999879
0.9999999999999708
0.99999999999997979
0.99999999999998945
0.99999999999999811
0.99999999999999722
0.99999999999999978
0.99999999999999944
0.99999999999999978
0.99999999999999989
0.99999999999999989
1
1
1
1
1
1
1
1
